100
1 21 4 1
2 45 5 3
3 13 3 2
4 29 5 2
5 34 7 2
6 2 6 3
7 40 5 3
8 38 4 4
9 8 8 3
10 35 4 0
11 42 10 4
12 38 7 2
13 4 8 1
14 16 8 2
15 31 5 1
16 35 10 2
17 8 2 0
18 33 2 2
19 9 4 1
20 22 8 1
21 39 10 1
22 10 9 1
23 12 9 0
24 0 6 1
25 37 5 0
26 41 6 4
27 3 5 3
28 36 5 0
29 8 5 3
30 19 3 0
31 47 8 2
32 13 5 2
33 16 3 1
34 17 7 3
35 48 5 4
36 45 4 4
37 10 6 0
38 33 6 0
39 6 3 0
40 36 3 3
41 8 6 1
42 15 2 2
43 47 3 4
44 10 5 0
45 21 7 3
46 12 9 4
47 16 7 3
48 48 10 1
49 41 8 1
50 1 3 2
51 4 9 0
52 40 6 0
53 19 10 2
54 4 8 0
55 46 8 2
56 34 9 1
57 9 7 2
58 29 4 1
59 26 5 4
60 14 2 4
61 14 6 1
62 21 4 1
63 2 4 0
64 24 8 4
65 4 3 2
66 43 10 1
67 36 10 4
68 43 7 1
69 2 4 0
70 18 9 1
71 27 4 3
72 41 9 2
73 24 5 3
74 24 4 3
75 3 6 0
76 37 6 3
77 34 4 2
78 13 8 0
79 26 3 2
80 12 9 0
81 25 5 0
82 20 9 3
83 37 10 4
84 1 5 0
85 14 7 3
86 26 6 0
87 21 6 0
88 10 8 3
89 21 9 1
90 35 7 1
91 15 5 1
92 25 5 2
93 40 7 2
94 11 7 1
95 14 7 3
96 2 7 0
97 24 8 3
98 16 10 4
99 20 6 4
100 43 10 1
